START OF FILE
"Here is my list of random numbers"
!#$%#$%^%$^*&*^)*()&*##$(\n\cr\lf\z std::terminate()
21474836478		21474836478		21474836478		21474836478		21474836478
-21474836480		-21474836480		-21474836480		-21474836480		-21474836480
1.17549e-044		1.17549e-044		1.17549e-044		1.17549e-044		1.17549e-044
3.40282e+069		3.40282e+069		3.40282e+069		3.40282e+069		3.40282e+069
-285086038		-160301297		-282726492		-955424857		82944770
55029.4376		21993.1923		30178.425		50454.6655		73737.465	
23178.7091		50249.9883		52316.1647		25635.596		24226.3214	
22820.2466		50043.3664		18937.9655		663.8497		28200.2015
-688661201		344760162		766508927		128155611		316955424
-1489673100.3063	1457685867.3212		9259526.9956882		2077239302.0327		-336834352.84315
435679736.79712		-1378288926.3582	-1904036709.1134	567586492.7357		2120759566.0124
-794795592		492843523		347808022		-344618801		-633312435
457993143.78673		886994958.58696		832717074.61224		196556720.90847		680952789.68291
1446486494.3264		32057412.985072		621852267.71043		-374473457.82562	-1785851882.1684
819317865.61848		-1823565968.1508	1270684046.4083		1858503087.1346		-1858161795.1347
523055288.75643		1848154855.1394		1966182338.0844		1144671134.467		962004175.55203
95825.8298		80003.4897		55156.1834		2544.9403		21800.8502	
21055.8892		39149.6165		60688.4992		78916.2289		65671.6773	
1054139662.5091		-1959918060.0873	250420523.88339		1643599730.2346		555036516.74154
1557963783.2745		1398396201.3488		1873752391.1275		710571657.66911		1250163746.4178
-867514047		51412543		-199346573		-943635664		-394175859
423175913		-430961241		-10895566		386610435		-814003176
1573920760.2671		2031706509.0539		1701603991.2076		863912663.59771		27966129.986977
889959278		-458576034		301219067		-884924931		154733296
43923.8645		36429.1253		54629.543		83590.9354		15258.5112
-433642411		840211321		248310859		-588203550		240341708
48141.4389		90901.2657		81003.3899		10313.914		77672.7927	
24817.4867		69877.9131		54566.65		15498.0105		529.8645	
94465.879		37057.1346		54509.3513		35782.0565		69213.4721	
51103.8909		37869.7964		40828.0995		11091.1963		12912.5673	
66702.1239		69760.646		65538.7204		82481.2264		39207.5499	
-699407293		-994649883		-336045173		-130158247		-336784393
43884.5926		29685.6506		62899.8798		18599.9821		78761.2716
395004665		464288447		811243664		462723932		-873290652
-703294575.6725		325767730.8483		-1966250024.0844	161896651.92461		1108301071.4839
-1589157359.26		725749521.66205		1825839245.1498		-2050312797.0452	612332046.71486
-599830747		313533776		-177299842		285566391		391488452
-393338378		774711785		-461687030		-590624758		-482962222
885038886		342124506		456632584		-35573555		-8659548
71995588.966474		-378356110.82381	2109406106.0177		519194334.75823		1580145350.2642
260774927		225756163		-452788736		-512174289		284923325
-213505026		-314259391		-70433518		853263268		943840340
25165.9153		97395.3725		61503.536		7680.6935		70495.0451
528105919		-216221345		-877338453		548531293		861684075
354231967		-105304045		-680968253		210968771		-743046059
268082550.87516		1964562385.0852		1946955897.0934		1727200880.1957		120631023.94383
84703.2157		98131.0873		85182.4232		50182.1167		88688.0097	
1730.7962		73268.2944		14780.5568		8947.338		96388.8018	
1145470437.4666		419309861.80474		2024554481.0572		343945815.83984		618699313.7119
824317306		333607795		481583260		-706234198		-215787237
361500693		-908179330		-970023228		-19507730		-841963100
71993.8572		39254.7453		81855.5096		84192.9355		43705.1412	
90840.3424		35771.0439		57975.2349		11230.9255		76157.3251	
56868.6026		792.7084		91161.8422		65156.9686		91920.4725	
787422337		-368880008		-800626195		-274422780		-870759789
1330746614.3803		1492169762.3052		1010286909.5295		439551454.79532		1724785934.1968
2013729838.0623		984667714.54148		1143073290.4677		1296941986.3961		50443039.976511
-508435892		-39850429		-163774339		-971921420		-110176348
1647491962.2328		686559451.6803		2134637794.006		203223625.90537		2123150869.0113
1701256282.2078		-823831442.61637	-1815855067.1544	-708665210.67		2061298360.0401
31834.0755		91109.4668		18903.6514		21242.1876		90215.7842	
61908.2148		2774.2047		17868.4219		24700.3874		44898.4197	
1786104023.1683		-183605891.9145		-1972361112.0815	-278329889.87039	692709628.67743
1836109236.145		-1497201364.3028	1337441335.3772		1535325868.2851		224445485.89548
END OF FILE